   5.6365976e+01   5.0828671e+01   3.4352107e+01
   8.8615177e+01   5.2336376e+01   9.9683762e+01
   7.4310642e+00   6.5893799e+01   7.3191864e+01
   7.3536166e+01   1.5777474e+01   3.0366268e+01
   1.4129810e+01   3.6983624e+01   8.3041465e+01
   1.6825242e+01   8.0168413e+01   7.1272316e+01
   8.2388587e+01   5.6418637e+01   7.9039959e+01
   1.3293977e+01   6.3328721e+01   6.9419104e+01
   3.5511160e+01   6.8870302e+01   9.9729456e+01
   8.2859861e+01   2.6423695e+00   3.7118307e+01
   7.3179618e+01   9.7137179e+01   6.4221874e+01
   7.9005003e+01   9.0027404e+01   6.2363919e+01
   7.4302234e+01   5.6203463e+01   6.1013098e-01
   2.5377843e+01   3.3907726e+01   2.1455038e+01
   8.6004487e+01   3.9793057e+01   3.3509310e+01
   6.4309581e+00   4.1978107e+01   9.5657419e+01
   6.2061355e+01   5.3916212e+01   5.8430774e+01
   4.3643468e+01   9.0817453e+01   9.7850164e+01
   2.2279267e+01   4.8166276e+01   2.2042083e+01
   6.4038014e+00   6.1104466e+01   4.6328406e+01
   5.8255521e+01   7.5169613e+01   2.2058611e+01
   2.8215966e+01   6.9661397e+01   8.9619334e+00
   8.9385288e+01   7.1907856e+01   8.6630560e+01
   1.1604772e+01   2.9609370e+01   5.7574817e+01
   8.5451207e+01   1.1890707e+01   5.7279859e+01
   6.3150250e+01   2.3417901e+01   9.7477601e+01
   1.5080223e+01   9.3492301e+01   3.0580770e+01
   8.1238383e+01   6.3724547e+01   1.3675360e+01
   3.3386064e+01   6.8202628e+01   1.7154771e+01
   3.5702612e+01   3.3273841e+01   2.0884856e+01
   8.8558410e+01   1.2293764e+01   5.6392275e+01
   2.3598219e+01   2.6098078e+00   4.3480340e+00
   7.9930194e+01   4.7718143e+00   1.8088896e-01
   7.2823903e+01   3.2798706e+00   6.9328065e+01
   5.3352345e+01   6.0563962e+01   1.9747323e+01
   7.5933515e+01   1.1293537e+01   2.3325113e+01
   1.9797862e+01   1.6385156e-01   1.4861545e+00
   5.1267178e+01   6.2337580e+01   4.2729013e+00
   8.6476655e+00   4.2080270e+01   3.9286215e+01
   2.5581221e+01   7.2464052e+01   9.2572982e+01
   4.0859126e+01   8.3005362e+01   1.1225037e+01
   6.2047067e+01   6.7332839e+01   2.3242932e+01
   3.7586482e+01   1.1226639e+01   1.2752148e+01
   2.8062506e+01   2.2828049e+01   1.9785400e+01
   1.5011934e+01   5.5908577e+01   5.6444505e+00
   8.1307447e-01   5.1557019e+01   2.0991423e+01
   1.5325461e+01   3.4895693e+01   3.1249231e+01
   4.3632664e+01   8.6204297e+01   2.6524956e+00
   8.3808840e+01   4.1843782e+01   3.8200787e+01
   2.5371209e+01   2.8205801e+01   9.7470071e+01
   7.2811346e+01   4.1579470e+01   9.4730312e+01
   5.7770069e+01   7.7611924e+01   1.9618599e+01
   2.6733838e+01   9.0870519e+01   3.1917400e+01
   7.3655018e+01   2.9826503e+01   5.5769116e+01
   8.3639832e+01   9.5576356e+01   6.4846024e+01
   8.2889827e+01   8.9563438e+00   1.5762361e+01
   4.5198314e+01   2.1531470e+01   2.2712068e+01
   2.0583202e+01   2.4130981e+01   8.7152435e+01
   6.3572112e+01   3.6720557e+01   9.8990985e+01
   6.6418470e+01   3.5187354e+01   2.7287359e+01
   1.5895040e+01   2.1612716e+01   4.9577491e+00
   8.9622666e-01   1.0870450e+01   8.8170333e+01
   8.9977559e+01   9.8624427e+00   5.8210365e+01
   4.8883916e+01   3.6886254e+01   4.4196369e+01
   1.7190376e+01   5.2412927e+01   3.7862852e+01
   9.5029385e+01   1.5767500e+01   9.1199176e+01
   4.2438443e+01   6.9667990e+01   2.6708252e+01
   8.2262922e+01   8.0284399e+01   9.7507897e+01
   4.2329088e+01   7.0795499e+01   5.0514041e+01
   3.8107045e+01   5.5657201e+01   9.4342772e+01
   4.2211102e+01   4.6343060e+01   9.5451128e+01
   8.6742843e+01   1.4753214e+01   3.9724826e+01
   6.4410587e+01   3.8635006e+01   6.4159929e+01
   1.5893612e+00   6.1990364e+01   5.7970530e+00
   5.0189740e+01   7.5329999e+01   9.5939863e+01
   9.3816411e+01   6.1106156e+01   6.4414890e+01
   5.3757510e+01   7.6064167e+01   5.9211480e+01
   4.8932152e+01   4.6379153e+01   2.6971322e+01
   7.9237905e+01   1.7988668e+01   6.7573835e+01
   6.9103232e+01   5.2755145e+01   6.3682269e+01
   1.8504311e+01   9.9254000e+01   8.7719146e+01
   7.6336942e+01   8.1423998e+00   6.9758794e+01
   6.7501464e+01   8.7040228e+01   5.7527087e+01
   6.6019685e+01   3.9119761e+01   3.9022167e+01
   7.3231220e+01   8.0557333e+01   3.4201653e+01
   5.3926729e+01   5.7241658e+01   5.9113614e+01
   2.7435284e+01   1.2746744e+01   2.9485845e+01
   1.2360850e+01   7.5126620e+01   2.2915543e+00
   1.4469049e+01   9.8622761e+01   2.3155016e+01
   7.4561826e+00   9.3187728e+01   1.0175616e+01
   8.4489588e+01   5.2846501e+01   4.1936871e+01
   2.8721620e+01   4.3526425e+00   1.3756589e+01
   8.2869403e+01   3.0912821e+01   6.5764553e+01
   4.8137382e+01   4.3994889e+01   8.1108039e+00
   4.7724996e+00   4.0253993e+01   2.2955769e+01
   7.5122838e+01   8.1369699e+01   9.3774095e+00
   5.9748040e+01   6.1204344e+01   3.0449749e+01
   6.8668880e+01   5.9409906e+01   1.0482335e+01
   4.6404261e+01   4.8600274e+01   6.0910976e+01
   5.5440555e+01   4.5169459e-01   6.8791653e-01
   6.5407211e+01   3.6589593e+01   4.6068400e+01
   1.9826382e+01   9.4741769e+01   1.3357893e+01
   7.0099790e+01   5.4736730e+01   1.6813226e+01
   8.5231795e+01   1.6686974e+01   1.1294116e+01
   9.7684187e+01   2.2286677e+01   7.6806605e+01
   5.3612383e+01   2.5798491e+01   6.5921529e-01
   2.8087970e+01   3.0207911e+01   3.7378957e+01
   7.0376346e+01   3.3459518e+01   6.5962792e-01
   2.3743294e+01   8.6255732e+01   4.9914757e+01
   8.2634270e+01   5.3474732e+01   8.6404858e+01
   2.9435940e+01   9.0774848e+01   7.0957376e+00
   4.0635964e+01   8.2884862e+01   2.4019507e+01
   1.9597222e+01   7.0594193e+00   1.9308127e+01
   4.4705320e+00   2.7069611e+01   9.9857859e+01
   8.8336130e+00   8.6849348e+01   9.6092208e+01
   1.2991704e+01   9.3053449e+01   9.8043481e+01
   8.8666843e+01   2.6944678e+01   3.9205767e+01
   8.9599991e+01   9.5755222e+01   2.4530160e+01
   3.4022654e+01   1.1350532e+01   8.2045757e+01
   2.7058663e+01   2.2254087e+01   8.8200855e+01
   8.5489270e+01   2.6490302e+01   6.8993834e+01
   5.6999856e+01   5.3293362e+01   8.5628633e+01
   1.0354054e+01   3.9121903e+01   6.6395525e+00
   6.8619211e+01   4.5742345e+01   2.5953641e+01
   3.0673495e+01   7.6233830e+01   9.7977848e+01
   9.5733544e+01   2.4908489e+01   9.7428534e+00
   9.7613303e+01   4.6683787e+01   6.2488873e+01
   4.5913898e+01   8.6923769e+01   3.8309581e+01
