   1.1888451e-01
   5.7379937e-01
   4.3182137e-01
   6.5640925e-01
   7.9442840e-01
   1.8859258e-01
   2.7109036e-01
   5.6561475e-01
   7.1944942e-01
   9.2819933e-01
   3.3965372e-01
   2.6586214e-01
   6.0154232e-01
   7.0284914e-01
   6.0655178e-01
   9.5402833e-01
   6.8992403e-01
   8.8318967e-02
   4.9759297e-01
   6.2309811e-01
   1.8680688e-01
   4.0170429e-01
   3.7252705e-01
   8.4575054e-01
   3.2126442e-01
   7.9910334e-01
   8.9150369e-01
   6.1632001e-01
   2.4191266e-01
   8.9037826e-02
   1.7528528e-01
   5.9277624e-01
   7.8441245e-01
   2.2976622e-01
   1.8275588e-01
   9.8765964e-01
   1.5227264e-01
   8.8215668e-01
   3.9900352e-01
   2.6115715e-01
   3.6824250e-01
   2.3470354e-01
   2.8826050e-01
   1.1322923e-01
   7.2050509e-01
   2.5959817e-01
   8.1975803e-01
   6.2201169e-01
   5.2621949e-01
   8.5376331e-01
   4.2641812e-01
   2.3884308e-01
   9.8175348e-01
   8.5759534e-01
   3.1192332e-01
   8.1158237e-01
   1.0503370e-01
   3.7600926e-02
   6.1330426e-01
   9.0957938e-02
   2.5161365e-01
   8.8697270e-01
   9.7116018e-01
   1.6116071e-01
   1.5633946e-01
   4.1233566e-01
   1.3613919e-01
   6.9987166e-01
   6.7564888e-02
   7.3409060e-01
   5.7759839e-01
   1.5130172e-01
   9.4205122e-01
   8.5760605e-01
   6.5300054e-02
   1.1967645e-01
   9.6059393e-01
   7.4772250e-01
   2.4710855e-01
   9.6670169e-01
   4.9112556e-01
   4.0189159e-01
   2.7653795e-01
   5.0036149e-01
   2.4386892e-01
   5.9742036e-01
   4.7796789e-01
   1.1329577e-01
   1.3886435e-01
   2.0266853e-01
   2.0462836e-01
   7.1887058e-01
   5.0666697e-01
   8.6979955e-01
   8.9104810e-01
   9.4720910e-01
   3.1453162e-01
   6.7181808e-01
   7.2329927e-01
   5.5220250e-01
   9.8435587e-01
   5.8277723e-01
   8.8006916e-01
   4.6298461e-01
   2.5534110e-01
   7.4628376e-01
   2.9944747e-03
   1.2294930e-01
   9.7434025e-01
   2.1126322e-01
   5.7371084e-01
   3.6230585e-02
   6.5337686e-01
   7.4640292e-01
   2.3299987e-01
   4.4504126e-01
   5.7205665e-01
   4.7558473e-01
   6.8136278e-02
   5.0842078e-01
   5.0322617e-02
   1.3834356e-01
   9.6509828e-01
   4.5126813e-03
   6.3115839e-01
   7.1069776e-01
   9.5424890e-01
   3.0495042e-01
