-1.638958839784705E-02
1.016541762588876E-02
1.498884570354419E-02
-8.626511917077910E-03
-1.019909421605004E-02
1.557678251435010E-02
-1.246726885451225E-02
-3.907800932430642E-03
1.410030256769292E-02
-1.131783291475022E-03
-6.389278238551547E-03
1.624234217873977E-02
-1.108988700384666E-02
2.948557803454674E-02
-7.225505578535268E-04
-5.671819972496044E-02
3.491206133488138E-02
3.983528025494244E-02
-5.164123339617494E-02
9.515697885362689E-02
-1.049187417823961E-01
1.146984602215266E-01
-5.164027476354160E-01
3.145955257003318E-01
-4.301340001346576E-02
-4.547819021562003E-01
1.453200296290217E-01
-1.908581033285208E-01
7.115731953786751E-02
1.026418434105764E-01
-2.809094169483822E-01
-9.684090763439873E-02
1.719046892552718E+00
1.779834657128542E+00
-1.886617855272430E+00
9.867390787684036E-01
5.706356516136920E+00
-1.367155762644405E+01
1.311954429415008E+02
-1.375065936235009E+02
7.138590920347382E+01
-2.731801756555951E+01
-1.114167485032811E+02
1.786296747813555E+02
-4.806678491003626E+01
1.149653472207135E+00
-9.494940897845515E-01
5.227022335561190E-01
-1.134105671835937E+00
1.092758148547857E-01
2.723418909823925E-01
-1.990274510092311E-01
-2.419303845352027E-03
2.043513728837423E-01
-9.071862692057346E-02
-1.250567867441439E-01
5.996110124446276E-01
-3.149478467142787E-01
-5.397798879077918E-02
2.284784403308658E-01
-1.599076845116943E-01
1.532531635619163E-02
9.795734182086919E-03
-8.664852792250332E-03
4.346112804174878E-05
8.002926260072624E-03
3.092346315991839E-03
-1.568541783042752E-02
1.748351274348921E-02
-1.002176185602024E-02
6.631443976656040E-03
7.263472002419604E-03
-1.336917474641866E-02
1.544148951924528E-02
-1.351877555409998E-02
3.217276418123828E-03
1.849516561930326E-02
-1.045706348801613E-02
1.215009008800134E-02
1.268450157489572E-02
-8.512283442796444E-03
1.255467966832986E-02
1.361072922562049E-02
-3.051783732257415E-02
2.038933245814416E-02
2.444961167272266E-02
-3.216934013819630E-02
7.367609558405108E-03
-1.857579615523166E-02
8.051207353468029E-02
-7.037966203905495E-01
7.295581313468751E-01
1.290839170918069E+00
-1.518369022578011E+00
6.821343428499997E-01
-8.416693602918527E-01
1.939738674344297E+00
-2.237056432523640E+00
3.581722898735883E-02
1.687569785351158E+00
-3.191943499179868E+00
1.605663829501208E-01
3.642425134303057E+00
-1.247530020041503E+01
-9.014644231850037E+00
1.848540712121873E+01
1.084203262122101E+01
-2.265257756295391E+01
-7.512361029660296E+00
2.377664282421811E+01
-7.528047439211805E+00
-2.248780832013049E+00
2.049732262384694E+01
-5.177921238803084E+00
4.934692214741544E-01
3.241961195198166E-02
-9.161977333175446E-02
4.238593209764997E-03
3.374967045538431E-01
-4.761780742854899E-02
-8.575991675895686E-02
9.265958908019024E-02
1.033596346337829E-03
-5.232335305230748E-03
6.662934199072901E-03
2.895668904567173E-03
7.233185166228076E-05
1.069336566646815E-02
